360 420 480 440
360 420 504 486
360 420 540 448
360 420 600 450
360 420 630 504
360 420 660 640
360 420 672 495
360 420 756 504
360 420 480 440
360 420 504 486
360 420 540 448
360 420 600 450
360 420 630 504
360 420 660 640
360 420 672 495
360 420 756 504
360 420 780 640
360 420 792 648
360 420 864 462
360 420 924 720
360 420 936 648
360 420 990 672
360 480 504 432
360 480 540 308
360 480 600 300
360 480 630 480
360 480 660 440
360 480 672 420
360 480 756 462
360 480 780 440
360 480 792 432
360 480 864 294
360 480 924 660
360 480 936 432
360 480 990 480
360 504 480 432
360 504 540 432
360 504 600 480
360 504 630 504
360 504 660 648
360 504 672 432
360 504 756 432
360 504 780 648
360 504 792 560
360 504 864 384
360 504 924 648
360 504 936 560
360 504 990 672
360 540 480 308
360 540 504 432
360 540 600 315
360 540 630 448
360 540 660 448
360 540 672 462
360 540 756 432
360 540 780 448
360 540 792 432
360 540 864 297
360 540 924 672
360 540 936 432
360 540 990 448
360 600 480 300
360 600 504 480
360 600 540 315
360 600 630 480
360 600 660 450
360 600 672 480
360 600 756 504
360 600 780 450
360 600 792 480
360 600 864 336
360 600 924 720
360 600 936 480
360 600 990 480
360 630 480 480
360 630 504 504
360 630 540 448
360 630 600 480
360 630 660 672
360 630 672 540
360 630 756 504
360 630 780 672
360 630 792 672
360 630 864 480
360 630 924 756
360 630 936 672
360 630 990 672
360 660 480 440
360 660 504 648
360 660 540 448
360 660 600 450
360 660 630 672
360 660 672 660
360 660 756 672
360 660 780 640
360 660 792 486
360 660 864 462
360 660 924 720
360 660 936 648
360 660 990 504
360 672 480 420
360 672 504 432
360 672 540 462
360 672 600 480
360 672 630 540
360 672 660 660
360 672 756 462
360 672 780 660
360 672 792 576
360 672 864 392
360 672 924 660
360 672 936 576
360 672 990 720
360 756 480 462
360 756 504 432
360 756 540 432
360 756 600 504
360 756 630 504
360 756 660 672
360 756 672 462
360 756 780 672
360 756 792 576
360 756 864 396
360 756 924 672
360 420 480 440
360 420 504 486
